image_width: 1440
image_height: 1080
camera_name: narrow_stereo
camera_matrix:
  rows: 3
  cols: 3
  data: [1635.131012, 0.000000, 940.290848,0.000000, 1640.191571, 598.281796,0.000000, 0.000000, 1.000000]
distortion_model: plumb_bob
distortion_coefficients:
  rows: 1
  cols: 5
  data: [-0.134181, 0.340756, -0.003781, -0.005700, 0.000000]
rectification_matrix:
  rows: 3
  cols: 3
  data: [1.000000, 0.000000, 0.000000,
        0.000000, 1.000000, 0.000000,
        0.000000, 0.000000, 1.000000]
projection_matrix:
  rows: 3
  cols: 4
  data: [1656.332031, 0.000000, 932.606688, 0.000000,0.000000, 1662.886230, 593.782148, 0.000000,0.000000, 0.000000, 1.000000, 0.000000]
